JAKFOL
0.00186864
0.0017714587
0.00049132644
0.0004492463
0.0006611169
0.0023406178
8.305998e-05
0.0010876433
0.002664955
0.00049971504
0.00069413084
0.002330414
0.0077833897
0.0011502622
0.008983136
0.06558866
0.0009912471
0.002664955
0.10726468
0.0053273696
0.0021272819
0.04400856
0.76620257
0.011132843
0.008015041
0.8660353
0.0004672891
0.9968141
0.26816207
0.003118228
0.00047272397
0.0011884307
0.015025846
0.0034975586
0.0025696356
0.32387912
0.00041431058
0.00023191229
0.0034147857
0.036423255
0.002301773
0.0064101806
8.3443825e-05
0.0043590073
0.003433392
0.0061008255
0.03009463
0.0077833897
0.00014543829
0.0071263397
0.010744444
0.001092432
0.00091145147
0.06759981
0.0013046501
0.0077833897
0.002632544
0.0005372718
0.00038719145
0.0006214675
0.9899624
0.0024052798
0.0076515493
4.5061824e-05
0.0077833897
0.0070906784
0.03995196
0.019938435
0.022271609
0.0012055506
0.9913032
0.008225779
0.06815217
0.0052333176
0.97611
0.0017979541
0.013329229
0.0010136873
0.025710316
0.97468954
0.0002109637
0.00040916592
0.00056825846
5.8880225e-05
0.001092432
0.9666453
0.0015488304
0.0061113248
0.004477302
0.0077833897
0.0028081576
0.995581
0.017179463
0.009682746
0.002664955
0.019575799
9.235162e-05
0.0017184272
0.99084115
0.014728752
0.0040394086
0.0068290625
0.0071412134
0.0013376909
0.9993575
0.9992126
0.00031608323
0.0043590073
0.99983215
0.0045960904
0.0112291435
4.688165e-05
0.012466508
0.00012966298
0.008557372
0.001955668
0.0015986543
0.36073112
0.0004920871
0.9666453
0.00052144914
0.01679363
0.0011737825
0.014979183
0.0048151286
0.0077833897
0.0090201385
0.0077833897
0.9987124
0.012804038
0.0077833897
0.0012725348
0.000713693
0.0053143096
0.008517627
0.006088486
0.073407486
0.023183191
0.0012978115
0.00039139017
0.008868438
0.0031644416
0.0077833897
0.0024831966
0.0129360575
0.00056772487
0.0019106661
0.0067719473
0.0077833897
0.0023808347
0.99987936
0.92321396
0.9855627
0.0015230611
0.015440557
0.008191055
0.99988055
0.0070906784
0.009216979
0.005787167
0.002185252
0.0020324548
0.010068064
0.0005745337
0.008664276
0.008527869
0.00011062689
0.9941896
0.0030538116
0.00024875536
0.0017783178
0.002042794
0.02508293
0.00929411
0.00028895115
0.011357875
0.005205149
0.005493811
0.0008777459
0.7056145
0.0008201537
0.011395636
0.03246585
0.006921554
0.9999882
0.0077833897
0.0068508303
0.035527036
0.0013585304
0.6627809
0.0070906784
0.7109204
0.0012838104
0.0129360575
0.9358126
0.0077833897
0.001953942
0.0018471613
0.021483928
0.0073084496
0.0008902551
0.0043590073
0.0042850613
0.99813783
0.0044378713
0.0005650365
0.0012180024
0.008225596
0.03421547
0.0077833897
0.00017480449
0.008868438
0.003271233
0.007214383
0.003433392
0.99994075
0.9640284
0.0076169055
0.0035521714
0.0035882692
0.0015177679
0.0003173838
0.000112598456
0.002664955
0.00027728154
0.99719137
0.999819
0.0077833897
0.00060799654
0.00050158217
0.0008060165
0.013914733
0.0010694151
0.0021250986
0.02900934
0.03995196
0.008390925
0.9999653
0.0015055923
0.040025312
0.003309757
0.08194267
0.013016569
0.99269295
0.0052944566
0.00016882893
0.0077833897
0.22711721
0.0044378713
0.011669377
0.0077833897
0.7056145
0.011205782
0.0018917847
0.0036171305
0.93184495
0.0023870913
0.019817352
0.0068155252
0.021677589
0.0036889133
0.008868438
0.0019412033
0.002664955
0.0048482455
0.0005743363
0.0011093614
0.00418089
0.00045961273
0.0025289562
0.97577614
0.9946681
0.0005416411
0.000495655
0.03242051
0.023301683
0.003444881
0.011345941
0.0043590073
0.0007974162
0.0077833897
0.0043590073
0.0050889864
0.006937025
0.90928227
0.0043959348
0.010958977
0.99977094
0.0029294884
0.00029838373
0.46972913
0.0077833897
0.9955668
0.0007214077
0.0024997795
0.00130314
0.0021731446
0.0032079678
0.0017627798
0.0054103606
0.0011510036
0.0016136343
0.0006639979
0.005438968
0.0074208495
0.00843059
0.014771896
0.001092432
0.0011462338
0.9282089
0.001301385
0.0018013496
0.06709185
0.00030420814
0.0013015462
0.0026294058
0.029764164
0.16189371
0.007187466
0.0012255103
0.00044915013
0.0006082249
0.0129360575
0.002106536
0.00064895063
0.05894308
0.026518421
0.0030139033
0.01069055
0.003271233
0.048608985
0.0010417198
0.00058680313
0.00060733716
0.002664955
0.008868438
0.99066204
0.026153728
0.006822009
0.0012802862
5.9662994e-05
0.00031881066
0.9999825
0.015318146
0.012961764
0.00085882976
0.006683949
0.013848148
0.0017720701
0.000692194
0.0047179596
0.0077833897
0.99614054
0.010047131
0.9532242
0.0009831608
0.039821133
0.008883476
0.08517616
0.013172681
0.91483074
0.0003560696
0.8184738
0.0043959348
0.9998266
0.9998642
0.0061008255
0.1413137
0.017164622
0.0025057124
0.0010794367
0.0014662951
0.0140035935
0.0036171305
0.0006210237
0.00040301835
0.0017604337
0.0021793281
0.0027771164
0.0053769043
0.008868438
0.01398586
0.0021802534
0.0029414685
0.0007396392
0.0013066243
0.99367565
0.002316673
0.8184738
0.006903707
0.013766467
0.0033561012
0.0019372109
0.018960927
0.00086979993
0.0021802534
0.00045583508
0.0032606963
0.0021167737
8.6535205e-05
0.034672577
0.0077833897
0.0005146423
0.0035648914
0.0008707262
0.0009135285
0.008922986
0.8184738
0.00010772591
0.14969628
0.012489847
0.049142875
0.0061008255
0.15615971
0.0013309821
0.006770017
0.0012346191
0.00039205095
0.0044881995
0.0021220865
0.0077833897
0.011205782
0.0002587035
0.004198614
0.011582073
0.0026881658
0.0077833897
0.999762
0.0006603606
0.0077833897
0.004252955
0.00010509131
0.0052821254
0.0032500315
0.0077833897
0.0021379467
0.0058856034
0.006049251
0.0037233215
0.0006262202
0.00052643544
0.00054356677
0.0038239807
0.003271233
0.035527036
0.00083461014
0.003444881
0.0015687789
0.0024997795
0.9976146
0.9952284
0.07239783
0.008502768
0.0077833897
0.005968275
0.0043723388
0.008868438
0.0016698183
0.006921554
0.026847359
0.0030390602
0.0047654654
0.0021830727
0.0039151935
0.00052071
0.023093006
0.32160014
0.0017192977
0.019769799
0.008868438
0.00054449396
0.0019441916
0.04101394
0.0038692919
0.002388236
0.2682249
0.0010632054
0.002496494
0.009552972
0.995867
0.01852571
0.28212056
0.115154766
0.99670166
0.012872834
0.99702567
0.20033424
0.27108753
0.0014545454
0.8539584
0.0035552562
0.0008597919
0.99839145
0.0077833897
0.004400556
0.0037890233
0.0049790395
0.0016063038
0.0022699167
0.0018915893
0.0019234648
0.0020991685
0.0006219563
0.9866955
0.0021030607
0.012854952
0.002664955
0.0026881658
3.145208e-05
0.0010854107
0.0077833897
0.0075131375
0.00016579356
0.0024152098
0.00048790453
0.95613897
0.0014712183
0.969102
0.012914722
0.00208772
0.0008048913
0.002664955
0.0024454019
0.00041553337
0.0020716437
0.0032079678
0.9274664
0.0043590073
0.9952284
6.013905e-05
0.0059687616
0.0015011007
0.0010068656
0.0046878904
0.013111611
0.37341166
0.93717974
0.00036393513
0.9525379
0.0007457283
0.19945171
0.0034975586
0.0077833897
0.05299059
0.0077833897
0.0032085658
0.005076043
0.004763867
0.02534167
0.014704262
0.96141696
0.00043301893
0.00069730636
0.0007705909
0.00017944994
0.0007974162
0.08067036
0.2331373
0.0005907726
0.01574336
0.0016524531
0.0061405012
0.0043959348
0.0028375213
0.00028431945
0.011405557
0.007583149
0.0061113248
0.0142951105
0.00031961102
0.31854892
0.990157
0.06250139
0.99988055
0.00055640726
0.001213722
0.9998061
0.00017058384
0.06857192
0.0013322758
0.030956598
0.0007461285
0.0032246937
0.021302527
0.008481237
0.0012171697
0.9996724
0.008613711
0.009979589
0.9995203
0.0026907478
0.0005021266
0.000245549
0.0006918638
0.004907771
0.0033550186
0.001249504
0.53024477
0.0010019457
7.623402e-05
0.011929672
0.0036723902
0.006155687
0.0014070703
0.0007790765
0.0013058659
0.0101376055
0.0077833897
0.0090201385
0.0002466043
0.003841044
0.0077833897
0.0065083015
0.0024997795
0.0068833013
0.05299059
0.0054646106
0.0020144745
0.00022027972
0.9988393
0.013605386
0.001092432
0.0032330009
0.002032326
0.019769799
0.0034937467
0.76620257
0.0077833897
0.001092432
0.027662978
0.0033534802
0.00063175533
0.11612073
0.0034002704
0.0016963587
0.0027164773
0.13159661
0.00077868014
0.99924004
0.0077833897
0.99993753
0.7548815
0.9961696
0.0061236667
0.9990403
0.0036171305
0.0077833897
0.003494401
0.029193984
0.05299059
0.9996768
1.8359238e-05
0.008247377
0.012629896
0.013904523
0.004658825
0.0010574204
0.0035405448
0.2378666
0.0008705192
0.0031914983
0.00060999556
0.007189447
0.004155721
0.08710494
0.0030416602
0.006146942
0.08120966
0.0020991685
0.0024881093
0.999796
0.014208641
0.012804038
0.0018471613
0.0038239807
0.030612184
0.46106088
0.9843627
0.011964694
0.0011871872
0.015773164
0.0009770357
0.0043959348
0.0043590073
0.9961696
0.0012913112
0.011205782
0.04725536
0.001092432
0.0020324548
0.0065728184
0.0052265157
0.044033032
0.0018471613
0.0013298842
0.0077833897
0.0019296345
0.004533088
0.008485965
0.002126443
0.99986625
0.0531642
0.88211346
0.0026896975
0.000285439
0.00041517447
0.009662621
0.00031889943
0.0015283303
0.0034141578
0.8184738
0.003579493
0.00019730859
0.012322508
0.0021731446
0.0019468728
0.008463964
0.010264513
0.9997254
0.0009428477
0.005483171
0.0009008534
0.17187546
0.0009162164
0.00028571402
0.0023429384
0.0017274733
0.0015575488
0.065043174
0.0006028607
0.00023143827
0.00022414779
0.01677232
0.9752745
0.9974648
0.012541377
0.0062500606
0.00093672937
0.002450312
0.003444881
0.00065607857
0.89511186
0.99702567
0.998648
0.003433392
0.0007825218
0.006836554
0.021462684
0.0077833897
0.00044803554
0.038408343
0.005202895
0.0077833897
0.0006323677
0.9110164
0.00061305135
0.0053977505
0.0025483235
0.975344
0.041978516
0.0003059215
0.8184738
0.005202895
0.03405156
0.07462824
0.0037534537
0.062908545
0.0006815425
0.0077833897
0.0077833897
0.008868249
0.0005359573
0.016718728
0.0013875727
0.0028569102
0.00035408713
0.0046869493
0.0077833897
0.03352892
0.0038835006
0.015536659
0.00095872284
0.0018471613
0.006243232
0.020120407
0.0077833897
0.0015071888
0.00032664934
0.0019921483
0.01648026
0.0025793407
0.0077833897
0.0032833263
0.9968141
0.004534065
0.0049362774
0.030168325
0.0012801777
0.012879742
0.026569413
0.000160693
0.00093722803
0.009333378
0.9992454
0.97936845
0.004464269
0.024287835
0.00804038
0.011774514
0.99969506
0.0077833897
0.0020518906
0.0003924258
0.04725536
0.9545159
0.052985422
0.0020687527
0.73332775
0.005850654
0.0038147965
0.0077833897
0.020630399
0.9922293
0.9688742
0.0162136
0.007829386
0.0050778375
0.0014732806
0.0090201385
0.0014265011
0.0090201385
6.421567e-05
0.0011672865
0.011185186
0.00048874103
0.007847613
0.003526356
0.002065712
0.16290744
0.003331016
0.007583149
0.00075718295
0.0011792419
0.0021802534
0.0025099027
0.005890946
0.99996483
0.00010799238
0.9994772
0.0015149342
0.015612701
0.009428132
0.020737845
0.006359604
0.0008242064
0.0009105071
0.0007947918
0.00039485257
0.008199027
0.00023643838
0.0028938404
0.30454135
0.014734427
0.0067237946
0.011182907
0.003631888
0.0035977557
0.00094855536
0.009098552
0.0030543285
0.00032087104
0.023704171
6.594566e-05
0.008428549
0.016925914
0.0005357338
0.014408456
0.0006593283
0.0055108992
0.0040499195
0.02031663
0.9940752
0.01260926
0.0026524514
0.051326457
0.10630374
0.0077833897
0.0028038947
0.00021093292
0.9996984
0.039821133
0.0017692551
0.0061008255
0.010818663
0.0021272819
0.9973115
0.0049418667
0.01201006
0.0077833897
0.0061008255
0.0061008255
0.003465287
0.118080266
0.0077833897
0.006666945
0.010914953
0.004877262
0.99969363
0.004109623
0.00013898146
0.999936
0.06645174
0.0022512763
0.0077833897
0.004859684
0.002181291
0.00041691476
0.001092432
0.002664955
0.0032764252
0.029193984
0.9922293
0.0017797973
0.0011481264
0.0012255103
0.003988994
0.99644756
0.0008421334
0.0077833897
0.0005153057
0.998665
0.0043959348
0.026749622
0.0019999926
0.0077833897
0.0068474864
0.9681885
0.9843627
0.007639484
0.00017094857
0.0021731446
0.006102199
0.0029258025
0.001606167
0.85045177
0.003629887
0.0059234835
0.0077833897
0.02374457
0.0077833897
0.0003024891
0.0015165298
0.035633083
0.9999558
0.0012763245
0.44185638
0.0030909393
0.015009269
0.0012635479
0.0032199917
0.006937025
0.03009463
0.00065799186
0.015542247
0.0043590073
0.7109044
0.0011439502
0.0071412134
0.015324325
0.019886345
0.009714616
0.16696186
0.002388236
0.0067237946
0.99963987
0.14329875
0.003276162
0.0014553955
0.005833915
0.9994168
0.00830749
0.00071545225
0.00036161192
0.0077833897
0.9999908
0.04337398
0.051743973
0.9880769
0.0036052351
0.0021731446
0.0011423684
0.0013058659
0.005145234
0.01214566
0.9995203
0.00060578436
0.008859296
0.007676474
0.001951644
0.004454715
