JAKFOL
0.013657575
0.009475647
0.38163453
0.99886864
0.117480375
0.99814534
0.1325629
0.0058437353
0.31884083
0.994905
0.97569263
0.9893657
0.08118432
0.9765112
0.98145574
0.002590325
0.10206371
0.9955011
0.8218804
0.0095718
0.046218295
0.0061377375
0.0035117953
0.9624263
0.9704643
0.9984145
0.7939406
0.060471106
0.4109748
0.0004295138
0.04797252
0.95393384
0.9839522
0.03329601
0.9652354
0.0672743
0.8754779
0.99905163
0.9039344
0.9925156
0.9058328
0.992293
0.7851268
0.99321765
0.32968664
0.9957545
0.011394815
0.8956894
0.019067304
0.30307227
0.99056107
0.07444415
0.11895102
0.9716779
0.9508372
0.06613522
0.9757093
0.04923944
0.7824728
0.046243675
0.9873653
0.009941608
0.7255678
0.70656043
0.99592614
0.16558644
0.111470014
0.9010772
0.6386263
0.8357936
0.8989172
0.07134782
0.9923585
0.9673795
0.9640155
0.020124871
0.7423591
0.46812725
0.9986689
0.043302324
0.07106906
0.9356097
0.6740728
0.9984281
0.99926347
0.8155972
0.84638757
0.96478105
0.9869221
0.9738477
0.689811
0.004735477
0.23242359
0.1242164
0.8918508
0.032430638
0.5436949
0.44791594
0.961284
0.47928986
0.01418699
0.48829457
0.18547091
0.87042296
0.0051141223
0.97322786
0.9500516
0.8987805
0.9995135
0.9676251
0.99504554
0.8466392
0.28281415
0.0042802626
0.0034351563
0.30913153
0.9924412
0.029638477
0.9699277
0.011537233
0.014460079
0.83333725
0.99507034
0.5184191
0.969521
0.98128295
0.025557505
0.0013967967
0.9957488
0.69307536
0.9913872
0.45000273
0.10828198
0.9982229
0.004133852
0.97437346
0.4083345
0.9623303
0.5856716
0.019095587
0.14576112
0.92617553
0.9978116
0.12311747
0.009564177
0.9512565
0.52406293
0.017252589
0.018783227
0.027185135
0.8481175
0.025777882
0.98958
0.0017455874
0.00763433
0.28873453
0.99625814
0.97541803
0.16870373
0.43492734
0.80365115
0.9922077
0.10111988
0.006733674
0.002518598
0.04728418
0.14719994
0.9959443
0.008389128
0.25926623
0.87054455
0.63099784
0.30426982
0.2734255
0.51090616
0.9989365
0.8459949
0.008645907
0.9732293
0.004180229
0.63572526
0.007743719
0.9917613
0.057100955
0.012826008
0.27835315
0.022138854
0.089683644
0.14070843
0.003662459
0.936762
0.99868006
0.0017497394
0.47242483
0.06635326
0.9799486
0.006490342
0.98597753
0.65647334
0.0019592238
0.0738505
0.9754539
0.99760324
0.6873886
0.01581102
0.0005534614
0.91701525
0.99819154
0.96549946
0.04217546
0.036731537
0.009865932
0.003971025
0.007864296
0.00028322238
0.018314462
0.99535406
0.9987708
0.01202992
0.006267731
0.9817646
0.991442
0.47584486
0.02033953
0.13355045
0.5433437
0.001018747
0.053820997
0.6248516
0.9879749
0.42593744
0.0054696794
0.95317554
0.6556226
0.7961188
0.94265544
0.12331758
0.8229809
0.7735957
0.98258764
0.25764006
0.079755306
0.9966182
0.19227687
0.017345948
0.98797184
0.98343855
0.053099677
0.078011006
0.99117565
0.74814296
0.057089247
0.0016771004
0.01632388
0.018055288
0.9923552
0.19674358
0.0026937297
0.9885711
0.9861816
0.9960627
0.98622894
0.9859957
0.028461918
0.93495065
0.96767855
0.114415556
0.117236026
0.99259865
0.0029086664
0.9726164
0.6100502
0.0019322038
0.06457007
0.009908832
0.089617476
0.97379035
0.14781253
0.8080569
0.99386567
0.87110656
0.06496366
0.5374369
0.99428755
0.9926916
0.08254446
0.017271671
0.90697134
0.9573831
0.055704296
0.020184984
0.0028933038
0.98078835
0.978567
0.98950255
0.97488177
0.054116208
0.3347455
0.9781099
0.14527154
0.008480844
0.01844503
0.9958897
0.9891403
0.48921645
0.9987087
0.6063213
0.8087324
0.92949206
0.028951967
0.87886745
0.9974025
0.022348292
0.8991429
0.99006885
0.23200719
0.446347
0.012702905
0.9651568
0.75207
0.00025282617
0.029378029
0.50539964
0.9983146
0.048865147
0.016749352
0.0022737712
0.74145603
0.99187565
0.019587357
0.9995216
0.9693608
0.9905036
0.9930693
0.0016334367
0.96776754
0.01129442
0.0024773993
0.42545727
0.93200564
0.023851082
0.0022566004
0.9996884
0.019639807
0.41936365
0.009314135
0.006728095
0.5018369
0.99419594
0.7642898
0.036230452
0.99762493
0.054994553
0.0032546625
0.026066724
0.009180482
0.9964725
0.5113864
0.9728113
0.00074583205
0.022620764
0.011813694
0.9830956
0.11565287
0.97030187
0.5503157
0.077658564
0.18405275
0.9943873
0.99913836
0.38334176
0.011116711
0.048406497
0.094659805
0.9705731
0.96904594
0.98283386
0.99413
0.0060669347
0.9993788
0.0050412724
0.9670417
0.9661618
0.996915
0.97659564
0.8258517
0.006798185
0.9792518
0.0048538256
0.23470896
0.98338896
0.031016575
0.98706585
0.94878507
0.9953869
0.97828114
0.99584526
0.003709929
0.056952305
0.10328847
0.6160859
0.8576454
0.1366471
0.96984684
0.99520904
0.040704075
0.022415537
0.99935824
0.94491917
0.027091559
0.044796143
0.9971228
0.8126653
0.09745749
0.15466797
0.99786466
0.97178406
0.05632704
0.95396835
0.9709315
0.817308
0.39944384
0.9927711
0.45554578
0.25384885
0.9275239
0.018165443
0.28142807
0.5705797
0.07571685
0.12040324
0.94549817
0.032724738
0.0049231807
0.8122298
0.9168192
0.98272276
0.9938618
0.002723318
0.009891206
0.99778986
0.025586005
0.97521347
0.003219744
0.01141327
0.996267
0.9929516
0.9861821
0.07267895
0.31773302
0.78543377
0.98045087
0.9817515
0.9652162
0.21967041
0.0143118175
0.9012593
0.08010032
0.994833
0.097056165
0.03899432
0.0052469186
0.005713032
0.0185894
0.94033384
0.07728655
0.9154573
0.99163836
0.9927452
0.006525698
0.75501186
0.9213812
0.04519816
0.028101955
0.8381013
0.9942835
0.849071
0.9433843
0.10214284
0.9969258
0.19876546
0.99923384
0.5978098
0.9977131
0.1804884
0.25486016
0.9184083
0.05123206
0.13201174
0.9831261
0.018783996
0.6923181
0.98369884
0.81620514
0.8704303
0.97249067
0.97323316
0.9874572
0.9990452
0.20359483
0.22002445
0.71638334
0.028417094
0.02290398
0.97319657
0.46796355
0.92429465
0.9147049
0.9977647
0.9795594
0.0062449924
0.0068316436
0.5660945
0.16172865
0.058470134
0.028519006
0.4842256
0.010093601
0.5256332
0.9830943
0.99454874
0.9968272
0.98137313
0.8090091
0.96402574
0.012876488
0.99857867
0.5029355
0.9052212
0.006619737
0.5697156
0.9703645
0.73889863
0.73180926
0.88128746
0.6126814
0.9984301
0.9989354
0.027042478
0.6687086
0.017954024
0.030218903
0.046560057
0.038071632
0.036202483
0.9804082
0.0342833
0.947044
0.6456681
0.04395241
0.35782176
0.029396975
0.94959563
0.14156617
0.87840605
0.099869266
0.48423225
0.9859067
0.027229844
0.9947173
0.9692217
0.014982856
0.85874504
0.9835316
0.7727021
0.18463926
0.9868651
0.16848518
0.3633105
0.9397677
0.8401893
0.9478878
0.009630483
0.017271072
0.15118356
0.07056522
0.97455025
0.9521635
0.94142205
0.008230597
0.11568635
0.98996603
0.10715894
0.0072582513
0.66357875
0.9943382
0.98890555
0.35651717
0.4753541
0.011312628
0.011221554
0.9967873
0.013535434
0.01902913
0.5113424
0.9883201
0.13041067
0.99478865
0.9966119
0.0045863474
